1059.7471512017114
1731.1129424959174
1704.4622390409215
2279.6809945329837
1191.0064597152566
1208.346321288674
2682.258824965541
2852.815341337761
1471.2999610964741
898.1638229527775
902.579542842951
394.6462270984335
711.9832681822076
767.6351807458743
917.8702934035678
614.9776693764107
1078.5521638641294
1249.8390404286267
429.33148869256166
988.9254677985547
1169.3150329926723
645.053930583266
1038.6014009780026
1114.4630276799219
1565.4866238916059
1286.2446975689563
593.266047401177
1217.0373209524719
986.6407981952254
1641.8118583137925
1773.9209192545786
1033.6440912394996
1376.7551940985736
1640.5552010481053
1398.6639558097363
1304.987065890131
844.720478064944
764.693582870663
881.4238480153775
1189.8563649579412
1551.6926287685299
858.5144540710397
893.1351711258101
1873.8303295088685
1169.1840036875171
1302.0444709548617
904.435296668551
1032.01661020612
1131.1014599936946
1000.4749352198867
963.0109007793469
979.0028758637726
1107.228316575357
565.960926562121
1087.452220750519
1093.1868049065604
893.817321844127
1005.9626360562639
1474.397278785499
1453.2644805642676
